607790082
288237832
559787276
746786841
7138455643
223317710
781681055
1200015196
1109128231
1062124239
758821553
1329151805
832216036
449254514
803830080
462037357
1757758536
472264771
1478284900
741088756
1472008713
1145763689
17210588
263894802
1110275393
1672149215
855557474
889741231
1040349818
501537472
798730988
516756467
6555595119
791206622
198580600
891204509
885234020
5360314161
743714629
450864172
322797375
212122672
810298960
817246450
5451486397
7260669266
843353037
1351149091
851144417
372715621
1955652641
461027350
373947716
145863958
774972871
1676245263
781684809
390011624
463877990
5282922022
1585954870
1337191590
1327192477
539115596
1130683279
1401590926
874371387
465562404
930436860
1549527557
379896954
689450379
826745614
2136133134
839867303
242124089
7081143112
1065506815
1269656518
331994126
1187164949
1095066835
882350110
1148474410
1056744312
1186110139
2014963153
1483615315
1947887043
1394196628
5196205646
543890054
1222384177
954524474
219284223
565280287
834950359
850470403
390882880
1295738203
5934417650
611016129
1501415871
66278858
1240700814
7783001081
740528566
1266169265
1814620278
5328094775
721852365
979000637
1774207212
653834974
5235878633
525119818
6258037624
699636822
1079235679
913476451
7460087623
408973781
1194887456
1170917361
1600726281
874976929
657241055
1747207029
295581718
7557875695
583153205
795078088
998748207
927436377
1635808356
1325536712
888808670
750692205
1028991230
5757794287
818209792
313074546
939984547
1390985456
407934964
659833638
1107942187
728274945
1343700282
325375081
795431281
163500639
1342886522
1189807873
333853607
897262940
161423712
624414216
848273965
1252201071
750905082
1039787153
660083983
746071653
990853407
1366940045
1277992308
432072893
1033022437
870551914
547125213
1885436424
764482454
927152396
5212134105
1333243626
386045950
458791478
961081996
976382524
932998856
75098439
494552643
401782677
266998593
1809323868
1066655142
743914363
841496892
517116786
958707596
893824633
425105567
509834667
598443640
752807822
382143460
5075438092
1376950432
1522518955
416025549
841140233
1069462647
797663987
741406008
452107936
1305249007
1067789551
521718442
436733691
335985618
368069740
1118765023
1994147064
625777913
974938889
1360767824
7383942118
7191755499
1241079976
5269572657
1017018125
1056349747
1025075418
1253247895
1094098028
399638996
6586938089
1258337944
563809396
206012767
2035138975
1016808578
115452702
1183259624
208938411
1333361534
800816907
775944610
1318882066
902030931
1248753563
5762788597
447558654
1153038754
1205071209
788049381
1214403621
718003484
771691373
5811102035
296450624
1369517605
443578873
7272424306
1358677117
976964406
5114933483
186273503
691208620
907960698
827992571
575694219
1020700263
899505179
652459980
895660343
571981134
438017658
125548763
2011512859
958468465
316803721
417873339
5685965646
1040417932
1172778159
873951682
676839
6966348324
5017280104
6971343331
1173641487
1165431277
497532022
280642019
852199567
771008891
786956453
838669899
966924014
296095573
726749649
5112581021
271822236
1197087826
827691749
6831168458
8023012242
1203148067
980125186
447497480
1091785449
5502361495
734277711
200943003
226442795
912037746
60478508
1049864117
787504416
983542933
1098165432
2083563011
1184344451
758727023
1136280889
441280648
1339164530
6810181532
1410561920
1302216333
5425810515
172410012
793134324
731070357
434376805
496344096
1760175851
742620378
960888425
878434924
873062858
936366848
1332863529
7104113484
996505813
119054704
283913003
8020631537
5946766820
5886186888
1097626470
947218366
865146623
325003772
809287201
547099714
258203214
5168612825
1260275884
467674607
1707913467
389912536
1027323745
354264861
649988204
1090309171
703726727
853052478
267172624
901955777
1228544184
869734897
709909213
508792855
434101030
1703801437
1168319336
1364270887
1180572767
1130779605
754124445
5345458345
891269985
307078132
1224864484
1872215597
5010947987
761072062
1318752910
539731941
858773916
356950157
60106054
1003805609
766526050
593112769
1030792426
468742306
511114550
381802770
959928659
819381807
333463512
1349115462
922752024
762438672
1828006664
794985064
910536210
291817261
1130484077
1163391467
1419953113